[Variables]
current_tool = 0
nudge_position_x = 152.739
nudge_position_y = 72.464
nudge_position_z = 41.177
spool_ids = {0: 67, 1: 62, 2: 0}
t0__spool_id = 13
t0_color = 'Black'
t0_offset_x = 0.0
t0_offset_y = 0.0
t0_offset_z = 0.0
t0_raw_z = -0.19023851160278454
t0_spool_id = 23
t0_type = 'ABS'
t1__spool_id = 6
t1_offset_x = 0.26
t1_offset_y = 0.05
t1_offset_z = -1.176
t1_raw_z = -0.4315979744859491
t1_spool_id = 23
t2__spool_id = 2
t2_color = 'Green'
t2_offset_x = -0.59
t2_offset_y = -0.09
t2_offset_z = -0.326
t2_raw_z = -0.4028479744911751
t2_spool_id = 6
t2_type = 'black'
t3_color = 'Unknown'
t3_offset_x = -0.16
t3_offset_y = -0.09
t3_offset_z = -0.615
t3_raw_z = -0.40534797449602317
t3_spool_id = 23
t3_type = 'Unknown'

